4294967278,333
4294967278,332
4294967278,330
4294967278,331
4294967279,521
4294967278,400
4294967278,327
4294967279,307
4294967278,388
4294967278,368
4294967278,367
4294967278,323
4294967278,187
4294967278,366
4294967279,323
4294967278,379
4294967279,184
4294967279,322
4294967279,570
4294967278,322
4294967279,569
4294967278,321
4294967279,559
4294967279,558
4294967279,556
4294967279,567
4294967279,566
4294967279,565
4294967279,170
4294967279,564
4294967279,319
4294967279,318
4294967278,374
4294967278,373
4294967278,372
4294967279,562
4294967279,554
4294967279,260
4294967278,399
4294967279,334
4294967279,134
4294967278,398
4294967278,346
4294967279,333
4294967279,292
4294967278,300
4294967279,270
4294967278,299
4294967278,280
4294967279,332
4294967279,299
4294967278,391
4294967279,290
4294967278,279
4294967278,278
4294967279,298
4294967278,386
4294967279,263
4294967278,297
4294967279,283
4294967278,358
4294967279,320
4294967279,331
4294967279,259
4294967278,393
4294967279,330
4294967279,538
4294967279,0
4294967279,573
4294967279,258
4294967278,371
4294967279,158
4294967279,329
4294967279,545
4294967278,370
4294967279,574
4294967279,255
4294967278,348
4294967279,254
4294967279,541
4294967279,250
4294967279,246
4294967294,428
4294967279,244
4294967278,242
4294967279,540
4294967278,240
4294967279,560
4294967279,240
4294967278,237
4294967279,238
4294967278,235
4294967278,233
4294967278,231
4294967278,229
4294967279,230
4294967278,227
4294967279,228
4294967278,225
4294967278,223
4294967278,347
4294967278,345
4294967278,344
4294967278,342
4294967279,207
4294967278,334
4294967278,203
4294967278,0
4294967279,313
4294967279,296
4294967279,295
4294967279,294
4294967279,311
4294967279,310
4294967279,308
4294967279,306
4294967279,278
67,2
4294967279,198
4294967278,195
4294967279,196
172,4
172,3
172,2
172,1
4294967278,325
0,7
4294967294,115
4294967294,411
4294967294,396
4294967294,400
4294967294,178
4294967294,183
4294967294,467
4294967294,399
4294967294,456
4294967294,118
4294967294,169
4294967279,514
171,5
171,4
171,3
171,2
171,1
4294967279,326
170,4
170,3
170,2
170,1
4294967278,305
4294967294,1427
4294967294,442
4294967294,252
4294967294,441
4294967294,219
4294967294,207
4294967294,188
4294967294,261
4294967294,195
4294967294,209
4294967278,390
169,5
169,4
169,3
169,2
169,1
168,4
168,3
168,2
168,1
4294967278,382
167,4
167,3
167,2
167,1
4294967279,568
4294967278,318
166,6
166,5
166,4
166,3
166,2
166,1
4294967278,375
4294967294,394
4294967294,46
4294967294,390
4294967294,114
4294967294,1426
4294967294,120
165,4
165,3
165,2
165,1
4294967279,316
4294967294,431
4294967279,563
164,5
164,4
164,3
164,2
164,1
4294967278,159
4294967294,127
4294967294,1
4294967279,156
4294967294,2
4294967294,471
4294967294,1425
4294967294,439
4294967294,208
4294967294,186
4294967294,255
4294967279,148
4294967294,0
4294967294,45
4294967294,1423
4294967294,44
4294967294,42
67,4
4294967294,222
4294967294,43
4294967279,142
4294967279,328
4294967294,107
4294967294,91
4294967294,90
4294967294,87
4294967294,86
4294967294,85
4294967294,84
4294967294,1152
4294967294,420
4294967294,253
4294967294,29
4294967294,28
4294967294,27
4294967294,53
4294967294,51
4294967294,96
4294967294,94
4294967278,139
4294967294,9
4294967294,8
4294967294,82
4294967294,83
4294967294,7
4294967294,472
4294967294,6
4294967294,427
4294967294,22
4294967294,17
4294967294,99
4294967294,76
4294967294,41
4294967294,5
4294967294,81
4294967294,50
4294967294,267
4294967294,473
4294967278,259
4294967278,132
4294967278,131
4294967278,130
4294967278,258
4294967278,129
4294967278,128
4294967278,127
4294967278,384
4294967278,126
4294967278,125
4294967278,124
4294967278,123
4294967278,250
4294967278,122
4294967278,248
4294967294,1424
4294967278,121
4294967278,246
4294967278,120
4294967278,244
4294967278,119
4294967278,118
4294967278,117
4294967278,369
4294967278,116
4294967278,115
4294967278,114
4294967278,113
4294967278,112
4294967278,111
4294967278,110
4294967278,109
4294967278,108
4294967278,107
4294967278,106
4294967278,105
4294967278,104
4294967278,103
4294967278,102
4294967278,101
4294967278,100
4294967278,99
4294967278,98
4294967278,97
4294967278,96
4294967278,95
4294967278,94
4294967278,93
4294967278,92
4294967278,91
4294967278,90
4294967278,89
4294967278,87
4294967278,86
4294967278,85
4294967278,84
4294967278,83
4294967278,82
4294967278,81
4294967278,80
4294967278,79
4294967278,78
4294967278,77
4294967278,76
4294967278,75
4294967278,74
4294967278,73
4294967278,72
4294967278,71
4294967278,70
4294967278,69
4294967278,68
4294967278,67
4294967278,66
4294967278,65
4294967278,64
4294967279,89
4294967279,86
4294967279,83
4294967279,81
4294967279,76
4294967279,66
4294967279,65
4294967279,64
4294967279,61
4294967279,59
4294967279,47
4294967279,46
4294967279,41
4294967279,40
4294967279,39
4294967279,38
4294967279,30
4294967279,29
4294967279,27
4294967279,16
4294967279,7
4294967279,6
4294967279,5
4294967279,4
4294967279,24
4294967279,22
4294967294,184
4294967294,417
4294967294,468
4294967294,111
4294967294,459
4294967294,392
4294967279,305
4294967294,18
4294967294,68
4294967294,11
4294967279,21
4294967278,271
4294967279,300
4294967278,392
4294967278,281
4294967294,204
4294967294,162
4294967294,256
4294967294,205
4294967278,284
163,4
4294967278,267
163,3
163,2
163,1
4294967278,296
4294967278,266
4294967279,11
4294967279,327
4294967278,264
162,5
4294967279,8
4294967278,262
162,4
162,3
162,2
162,1
4294967278,261
4294967279,262
4294967278,357
161,4
4294967278,277
161,3
161,2
